Deviation stats:


$
mbest@dasya.com [0.21493342096025375, 0.2609651669919998, -0.09617769015085735, 0.13819730984914264, 0.11434862563861632, 0.09132230984914265, -0.050723144696311895, 0.08564049166732447, 0.11632230984914264, 0.25164839680566436, 0.20382230984914262, 0.23715564318247595, 0.11215564318247599, 0.23715564318247595, -0.09617769015085735, 0.0466794527062855, 0.02146936867267206, 0.05197045799729079, 0.15382230984914264, 0.13239373842057123, 0.17968437881465987, 0.08029289808443678, -0.09617769015085735, 0.20382230984914262, 0.12962876146204588, -0.09617769015085735, 0.045126657675229595, 0.23715564318247595, 0.21961178353335314, 0.13109503712186993, 0.03715564318247598, -0.09617769015085735, -0.09617769015085735, -0.09617769015085735, 0.08029289808443678, 0.07908004180790552, -0.0406221345953018, 0.0466794527062855, 0.061717046691247904, 0.23715564318247595, 0.15382230984914264, 0.09132230984914265, 0.30382230984914266, 0.15382230984914264, 0.08564049166732447, 0.02882230984914265, 0.10382230984914266, 0.0466794527062855, -0.09617769015085735, 0.0466794527062855, -0.09617769015085735, 0.003822309849142655, -0.09617769015085735, -0.09617769015085735, 0.009085467743879486, 0.2609651669919998, 0.18953659556342833, 0.2567634863197309, -0.09617769015085735, -0.09617769015085735, 0.18953659556342833, 0.0704889765158093, -0.09617769015085735, 0.40382230984914264, 0.27882230984914264, 0.23715564318247595, 0.10382230984914266, 0.12604453207136485, 0.19793995690796617, 0.0704889765158093, 0.15382230984914264, -0.0009395949127621178, -0.03367769015085735, -0.09617769015085735, -0.09617769015085735, -0.052699429281292134, 0.0704889765158093, 0.15382230984914264, 0.07773535332740351, 0.18953659556342833, 0.18953659556342833, -0.09617769015085735, -0.09617769015085735, -0.03557162954479674, 0.03715564318247598, 0.18953659556342833, 0.08564049166732447, 0.014933420960253754, -0.09617769015085735, -0.09617769015085735, 0.08029289808443678, 0.0466794527062855, 0.0466794527062855, -0.009221168411726918, -0.09617769015085735, 0.23715564318247595, 0.23715564318247595, 0.0704889765158093, -0.09617769015085735, 0.014933420960253754, 0.02882230984914265, -0.09617769015085735, -0.09617769015085735, -0.09617769015085735, 0.3323937384205712, -0.09617769015085735, -0.09617769015085735, -0.09617769015085735, -0.09617769015085735, -0.09617769015085735, -0.09617769015085735, 0.15382230984914264, -0.09617769015085735, -0.09617769015085735, 0.0704889765158093, 0.014933420960253754, 0.15382230984914264, -0.09617769015085735, -0.09617769015085735, -0.09617769015085735, -0.09617769015085735, 0.23715564318247595, -0.09617769015085735, -0.09617769015085735, 0.15382230984914264, -0.09617769015085735, -0.09617769015085735, -0.09617769015085735, -0.09617769015085735, -0.09617769015085735, 0.23715564318247595, 0.9038223098491427, 0.10382230984914266, 0.23715564318247595, -0.09617769015085735, -0.09617769015085735, -0.09617769015085735, -0.09617769015085735, -0.09617769015085735, -0.09617769015085735, -0.09617769015085735, -0.09617769015085735, -0.09617769015085735, -0.09617769015085735, -0.09617769015085735, -0.09617769015085735, 0.014933420960253754, -0.09617769015085735, -0.09617769015085735, -0.09617769015085735, -0.09617769015085735, -0.09617769015085735, -0.09617769015085735, -0.09617769015085735, -0.09617769015085735, -0.09617769015085735, -0.09617769015085735, -0.09617769015085735, -0.09617769015085735, -0.09617769015085735, -0.09617769015085735, -0.09617769015085735, -0.09617769015085735, -0.09617769015085735, -0.09617769015085735, -0.09617769015085735, -0.09617769015085735, -0.09617769015085735, -0.09617769015085735, -0.09617769015085735, -0.09617769015085735, -0.09617769015085735, -0.09617769015085735, -0.09617769015085735, -0.09617769015085735, -0.09617769015085735, -0.09617769015085735, -0.09617769015085735, -0.09617769015085735, -0.09617769015085735, -0.09617769015085735, -0.09617769015085735, -0.09617769015085735, -0.09617769015085735, -0.09617769015085735, -0.09617769015085735, -0.09617769015085735, -0.09617769015085735, -0.09617769015085735, -0.09617769015085735, -0.09617769015085735, -0.09617769015085735, -0.09617769015085735, -0.09617769015085735, -0.09617769015085735, -0.09617769015085735, -0.09617769015085735, -0.09617769015085735, -0.09617769015085735, -0.09617769015085735, -0.09617769015085735, -0.09617769015085735, -0.09617769015085735, -0.09617769015085735, -0.09617769015085735, -0.09617769015085735, -0.09617769015085735, -0.09617769015085735, -0.09617769015085735, -0.09617769015085735, 0.08029289808443678, 0.014933420960253754, 0.15382230984914264, -0.09617769015085735, -0.09617769015085735, -0.09617769015085735, -0.09617769015085735, -0.09617769015085735, -0.09617769015085735, -0.09617769015085735, -0.09617769015085735]

	@Fail rate: 0.3936651583710407

$
notcaseywebb@gmail.com [0.1875, 0.1875, 0.3541666666666667, -0.14583333333333331, -0.14583333333333331, -0.14583333333333331, -0.14583333333333331, -0.14583333333333331]

	@Fail rate: 0.375

$
tim.gates@iress.com [0.0]

	@Fail rate: 0.0

$
brianmhunt@gmail.com [0.06891025641025639, -0.4310897435897436, 0.5689102564102564, -0.4310897435897436, 0.06891025641025639, 0.0064102564102563875, 0.5689102564102564, -0.4310897435897436, 0.5689102564102564, 0.5689102564102564, -0.264423076923077, -0.4310897435897436, -0.4310897435897436]

	@Fail rate: 0.5384615384615384

$
153412+vkrol@users.noreply.github.com [0.0, 0.0, 0.0]

	@Fail rate: 0.0

$
chess19@gmail.com [0.0, 0.0, 0.0]

	@Fail rate: 0.0

$
sebastiaandammann@outlook.com [0.0]

	@Fail rate: 0.0

$
43392236+r-browser-app-team@users.noreply.github.com [0.0]

	@Fail rate: 0.0

$
zero298@gmail.com [0.0]

	@Fail rate: 0.0

$
Retsam@users.noreply.github.com [0.0]

	@Fail rate: 0.0

$
steven@stevensanderson.com [0.3848564425770308, 0.3848564425770308, 0.13485644257703078, 0.2181897759103641, -0.11514355742296921, 0.2966211484593837, 0.3848564425770308, 0.3848564425770308, -0.11514355742296921, 0.8848564425770308, 0.13485644257703078, -0.11514355742296921, 0.2181897759103641, -0.11514355742296921, -0.11514355742296921, 0.13485644257703078, -0.11514355742296921, -0.11514355742296921, 0.24199929971988793, 0.2181897759103641, 0.009856442577030791, 0.02771358543417364, 0.12015056022408961, 0.13485644257703078, -0.11514355742296921, -0.11514355742296921, -0.11514355742296921, -0.11514355742296921, -0.11514355742296921, 0.2848564425770308, 0.3848564425770308, -0.11514355742296921, -0.11514355742296921, -0.11514355742296921, -0.11514355742296921, -0.11514355742296921, -0.11514355742296921, -0.11514355742296921, -0.11514355742296921, 0.13485644257703078, -0.11514355742296921, 0.13485644257703078, -0.11514355742296921, 0.13485644257703078, -0.11514355742296921, 0.2181897759103641, -0.11514355742296921, 0.13485644257703078, 0.2181897759103641, -0.11514355742296921, -0.11514355742296921, -0.11514355742296921, -0.11514355742296921, -0.11514355742296921, -0.11514355742296921, -0.11514355742296921, -0.11514355742296921, -0.11514355742296921, -0.11514355742296921, -0.11514355742296921, -0.11514355742296921, -0.11514355742296921, -0.11514355742296921, -0.11514355742296921, -0.11514355742296921, -0.11514355742296921, -0.11514355742296921, -0.11514355742296921, 0.2181897759103641, -0.11514355742296921, -0.11514355742296921, -0.11514355742296921, -0.11514355742296921, 0.3848564425770308, -0.11514355742296921, -0.11514355742296921, -0.11514355742296921, -0.11514355742296921, -0.11514355742296921, -0.11514355742296921, -0.11514355742296921, -0.11514355742296921, -0.11514355742296921, -0.11514355742296921]

	@Fail rate: 0.32142857142857145

$
cham@one.com [0.0, 0.0]

	@Fail rate: 0.0

$
Liam@racecar.co.uk [0.0]

	@Fail rate: 0.0

$
zolitamasi@gmail.com [0.35714285714285715, -0.14285714285714285, -0.14285714285714285, -0.14285714285714285, -0.14285714285714285, -0.14285714285714285, 0.35714285714285715]

	@Fail rate: 0.2857142857142857

$
maxime@touchify.co [0.0, 0.0, 0.0, 0.0, 0.0, 0.0, 0.0, 0.0, 0.0]

	@Fail rate: 0.0

$
sgarden@club.fr [0.0, 0.0]

	@Fail rate: 0.0

$
mblarsen@gmail.com [0.0, 0.0]

	@Fail rate: 0.0

$
pimterry@gmail.com [-0.125, -0.125, 0.375, 0.375, -0.125, -0.125, -0.125, -0.125]

	@Fail rate: 0.25

$
jsoref@users.noreply.github.com [0.0, 0.0, 0.0, 0.0, 0.0, 0.0, 0.0, 0.0, 0.0, 0.0, 0.0, 0.0, 0.0, 0.0, 0.0, 0.0, 0.0, 0.0, 0.0, 0.0, 0.0]

	@Fail rate: 0.0

$
bennieswart@gmail.com [0.0, 0.0, 0.0]

	@Fail rate: 0.0

$
andre@gregori.org [0.0, 0.0]

	@Fail rate: 0.0

$
info@pandelis.me [0.0]

	@Fail rate: 0.0

$
garry.passarella@gmail.com [0.25, -0.25]

	@Fail rate: 0.5

$
declara91@gmail.com [0.0]

	@Fail rate: 0.0

$
r.s.goldsmith@far-blue.co.uk [0.0, 0.0]

	@Fail rate: 0.0

$
whenderson.github@gmail.com [0.3, 0.3, -0.2, -0.2, -0.2]

	@Fail rate: 0.4

$
zhaoyu0810@gmail.com [0.375, -0.125, -0.125, -0.125]

	@Fail rate: 0.25

$
andreas.helmberger@check24.de [0.0]

	@Fail rate: 0.0

$
steve@codeville.net [0.39902416260420415, -0.028248564668523116, 0.2033719886911607, 0.39902416260420415, 0.23235749593753746, 0.39902416260420415, 0.14902416260420415, 0.09902416260420417, 0.052870316450358015, -0.020975837395795838, 0.08867933501799725, -0.010066746486704928, 0.18473844831848985, -0.10097583739579584, 0.0448574959375375, -0.10097583739579584, 0.06569082927087082, -0.10097583739579584, -0.010066746486704928, 0.06569082927087082, 0.09902416260420417, -0.10097583739579584, 0.12124638482642637, 0.02402416260420416, -0.10097583739579584, 0.14540097419840708, 0.02402416260420416, 0.2836395472195888, 0.09902416260420417, 0.08084234442238598, -0.10097583739579584, 0.04188130546134701, -0.10097583739579584, -0.10097583739579584, 0.06569082927087082, 0.18473844831848985, -0.10097583739579584, 0.18473844831848985, 0.06569082927087082, -0.028248564668523116, 0.05527416260420416, -0.10097583739579584, -0.0009758373957958338, 0.06569082927087082, -0.10097583739579584, 0.39902416260420415, 0.39902416260420415, -0.059309170729129175, 0.39902416260420415, 0.02402416260420416, 0.03235749593753749, -0.01764250406246251, 0.052870316450358015, 0.08084234442238598, 0.0453656260188383, 0.04188130546134701, 0.07549475083949829, 0.08652416260420416, 0.23235749593753746, -0.10097583739579584, -0.10097583739579584, -0.10097583739579584, -0.10097583739579584, 0.39902416260420415, -0.10097583739579584, 0.39902416260420415, -0.03847583739579584, -0.034309170729129174, -0.10097583739579584, 0.23235749593753746, 0.14902416260420415, -0.10097583739579584, 0.3275955911756327, -0.10097583739579584, -0.10097583739579584, -0.10097583739579584, 0.23235749593753746, -0.10097583739579584, -0.10097583739579584, 0.29902416260420417, -0.10097583739579584, -0.10097583739579584, -0.10097583739579584, -0.10097583739579584, -0.10097583739579584, -0.03847583739579584, -0.10097583739579584, -0.10097583739579584, 0.18357700813265942, 0.17680194038198194, 0.06569082927087082, -0.10097583739579584, -0.10097583739579584, 0.09902416260420417, -0.10097583739579584, 0.23235749593753746, 0.08420934778938934, 0.12979339337343493, 0.39902416260420415, 0.23235749593753746, -0.10097583739579584, -0.10097583739579584, -0.10097583739579584, -0.10097583739579584, -0.10097583739579584, -0.10097583739579584, -0.10097583739579584, 0.1582834218634634, 0.010135273715315266, 0.03235749593753749, -0.10097583739579584, -0.10097583739579584, -0.10097583739579584, -0.10097583739579584, -0.10097583739579584, -0.10097583739579584, -0.10097583739579584, -0.10097583739579584, -0.10097583739579584, -0.10097583739579584, -0.10097583739579584, 0.15616701974706126, 0.13431828025126297, -0.10097583739579584, -0.10097583739579584, -0.04834425844842742, 0.02402416260420416, 0.02402416260420416, 0.04188130546134701, -0.10097583739579584, 0.04188130546134701, 0.07549475083949829, -0.10097583739579584, 0.03235749593753749, -0.10097583739579584, -0.10097583739579584, -0.10097583739579584, -0.10097583739579584, -0.10097583739579584, -0.10097583739579584, -0.10097583739579584, -0.10097583739579584, -0.10097583739579584, -0.10097583739579584, 0.02402416260420416, -0.10097583739579584, -0.10097583739579584, -0.10097583739579584, 0.06569082927087082, -0.10097583739579584, -0.10097583739579584, -0.03847583739579584, -0.10097583739579584, -0.10097583739579584, -0.10097583739579584, 0.14902416260420415, -0.10097583739579584, -0.10097583739579584, 0.23235749593753746, -0.10097583739579584, -0.10097583739579584, -0.10097583739579584, -0.10097583739579584, 0.02402416260420416, -0.10097583739579584, -0.10097583739579584, -0.10097583739579584, -0.10097583739579584, -0.10097583739579584, -0.10097583739579584, -0.10097583739579584, -0.10097583739579584, -0.10097583739579584, -0.10097583739579584, -0.10097583739579584, -0.10097583739579584, -0.10097583739579584, -0.01764250406246251, -0.10097583739579584, -0.10097583739579584, -0.10097583739579584, -0.10097583739579584, -0.10097583739579584, -0.10097583739579584, -0.10097583739579584, -0.10097583739579584, -0.10097583739579584, 0.06569082927087082, 0.06569082927087082, -0.10097583739579584, -0.10097583739579584]

	@Fail rate: 0.387434554973822

$
tmichon@microsoft.com [0.0, 0.0]

	@Fail rate: 0.0

$
rniemeyer@gmail.com [-0.156784188034188, -0.156784188034188, -0.156784188034188, -0.156784188034188, 0.5098824786324786, 0.843215811965812, 0.1765491452991453, -0.156784188034188, -0.156784188034188, -0.156784188034188, -0.156784188034188, -0.156784188034188, -0.156784188034188, 0.009882478632478653, 0.1765491452991453, 0.5098824786324786, 0.843215811965812, -0.156784188034188, -0.156784188034188, -0.156784188034188, 0.2876602564102564, 0.093215811965812, -0.156784188034188, 0.34321581196581197, -0.156784188034188, 0.218215811965812, -0.156784188034188, -0.156784188034188, -0.156784188034188, -0.156784188034188, 0.1765491452991453, 0.34321581196581197, 0.093215811965812, -0.156784188034188, -0.156784188034188, -0.156784188034188, -0.156784188034188, 0.34321581196581197, -0.156784188034188, -0.156784188034188, -0.156784188034188, -0.156784188034188, -0.156784188034188, -0.156784188034188, -0.156784188034188, 0.1765491452991453, 0.34321581196581197, -0.156784188034188, -0.156784188034188, -0.156784188034188, -0.156784188034188, -0.156784188034188]

	@Fail rate: 0.3269230769230769

$
jheyming@cloudera.com [0.0]

	@Fail rate: 0.0

$
info@massimoahmadi.com [0.0]

	@Fail rate: 0.0

$
erik.michaelson@gmail.com [0.0]

	@Fail rate: 0.0

$
jbi@one.com [0.0, 0.0, 0.0]

	@Fail rate: 0.0

$
me@mariusgundersen.net [0.0]

	@Fail rate: 0.0

$
info@connexo.de [0.0]

	@Fail rate: 0.0

$
nicholaspball@gmail.com [0.0, 0.0]

	@Fail rate: 0.0

$
dzearing@microsoft.com [0.0, 0.0, 0.0]

	@Fail rate: 0.0

$
dan@dancras.co.uk [0.0, 0.0]

	@Fail rate: 0.0

$
badger@gitter.im [0.0]

	@Fail rate: 0.0

$
dandreescu@wikimedia.org [0.0]

	@Fail rate: 0.0

$
Kyle.Linden@appliedis.com [0.0]

	@Fail rate: 0.0

$
offler@gmail.com [-0.25, 0.25]

	@Fail rate: 0.5

$
price.c@gmail.com [0.35688956433637287, 0.35688956433637287, 0.35688956433637287, 0.35688956433637287, 0.35688956433637287, 0.35688956433637287, 0.10688956433637284, 0.35688956433637287, 0.35688956433637287, 0.35688956433637287, -0.14311043566362716, -0.14311043566362716, 0.35688956433637287, 0.35688956433637287, 0.35688956433637287, -0.00025329280648431207, 0.19022289766970615, -0.14311043566362716, -0.14311043566362716, -0.14311043566362716, -0.14311043566362716, -0.14311043566362716, -0.14311043566362716, -0.14311043566362716, -0.14311043566362716, -0.14311043566362716, -0.14311043566362716, -0.14311043566362716, -0.14311043566362716, -0.14311043566362716, -0.14311043566362716, -0.14311043566362716, -0.14311043566362716, -0.14311043566362716, -0.14311043566362716, -0.14311043566362716, -0.14311043566362716, -0.14311043566362716, -0.14311043566362716, -0.14311043566362716, -0.14311043566362716, -0.14311043566362716, -0.14311043566362716, -0.14311043566362716, -0.14311043566362716, -0.14311043566362716, -0.14311043566362716]

	@Fail rate: 0.2978723404255319

$
Raul@kapost.com [0.16666666666666669, 0.16666666666666669, -0.3333333333333333]

	@Fail rate: 0.6666666666666666

$
adeev1.0@gmail.com [0.16666666666666674, -0.16666666666666663]

	@Fail rate: 0.5

$
ondalom@gmail.com [0.0, 0.0]

	@Fail rate: 0.0

$
scott.smerchek@softekinc.com [0.0]

	@Fail rate: 0.0

$
xander.dumaine@inin.com [0.0, 0.0]

	@Fail rate: 0.0

$
Joe.Lee-Moyet@softwire.com [0.0, 0.0, 0.0, 0.0]

	@Fail rate: 0.0

$
lc@faktum.co [0.0]

	@Fail rate: 0.0

$
ken123777@gmail.com [0.0]

	@Fail rate: 0.0

$
eiji.ienaga@gmail.com [0.0, 0.0, 0.0]

	@Fail rate: 0.0

$
jmartin@arrowshooterstech.com [0.0]

	@Fail rate: 0.0

$
tim@timtucker.com [0.0, 0.0, 0.0]

	@Fail rate: 0.0

$
jcvonrosen@live.com [0.0]

	@Fail rate: 0.0

$
brandon.wallace@yahoo.com [0.0, 0.0, 0.0, 0.0]

	@Fail rate: 0.0

$
tim.perry@softwire.com [0.0, 0.0, 0.0]

	@Fail rate: 0.0

$
p.scheit@ps-webforge.com [0.0]

	@Fail rate: 0.0

$
jesse.v.assen@gmail.com [0.0, 0.0]

	@Fail rate: 0.0

$
dodekahydra@gmail.com [0.0]

	@Fail rate: 0.0

$
noah.easterly@gmail.com [0.0, 0.0]

	@Fail rate: 0.0

$
github@stevenluscherdesign.com [0.0]

	@Fail rate: 0.0

$
matteopagliazzi@gmail.com [0.8555555555555556, 0.5222222222222221, 0.35555555555555557, -0.14444444444444443, -0.14444444444444443, -0.14444444444444443, -0.14444444444444443, -0.14444444444444443, -0.14444444444444443, -0.14444444444444443, -0.14444444444444443, -0.14444444444444443, -0.14444444444444443, -0.14444444444444443, -0.14444444444444443]

	@Fail rate: 0.2

$
andreas@one.com [0.0]

	@Fail rate: 0.0

$
zz@rialabs.org [0.0]

	@Fail rate: 0.0

$
guardbionic-github@yahoo.com [0.0]

	@Fail rate: 0.0

$
laurentiu.macovei@dotnetwise.com [0.0]

	@Fail rate: 0.0

$
yordanov@gmail.com [0.0, 0.0]

	@Fail rate: 0.0

$
matthew.cook@helastel.com [0.0]

	@Fail rate: 0.0

$
james.wood@datatransparency.com [0.0]

	@Fail rate: 0.0

$
tyrsius@gmail.com [0.0]

	@Fail rate: 0.0

$
antishok@gmail.com [0.0]

	@Fail rate: 0.0

$
dave@studgeek.com [-0.5, -0.5, 0.5, 0.5]

	@Fail rate: 0.5

$
martin@martinemmert.de [0.0]

	@Fail rate: 0.0

$
damien.genet@nexr.com [0.0, 0.0]

	@Fail rate: 0.0

$
sean@typekit.com [0.0]

	@Fail rate: 0.0

$
stevesa@STEVESA-LEN.europe.corp.microsoft.com [0.0, 0.0]

	@Fail rate: 0.0

$
stevesa@LOANPC-1021.europe.corp.microsoft.com [0.0, 0.0]

	@Fail rate: 0.0

$
giles.bradshaw@sigyl.com [0.0]

	@Fail rate: 0.0

$
treshugart@gmail.com [0.0]

	@Fail rate: 0.0

$
me@aaron-powell.com [-0.2, -0.2, -0.2, -0.2, 0.8]

	@Fail rate: 0.2

$
mark.bradley@redlizards.com [0.48333333333333334, -0.016666666666666666, -0.016666666666666666, -0.016666666666666666, -0.016666666666666666, -0.016666666666666666, -0.016666666666666666, -0.016666666666666666, -0.016666666666666666, -0.016666666666666666, -0.016666666666666666, -0.016666666666666666, -0.016666666666666666, -0.016666666666666666, -0.016666666666666666, -0.016666666666666666, -0.016666666666666666, -0.016666666666666666, -0.016666666666666666, -0.016666666666666666, -0.016666666666666666, -0.016666666666666666, -0.016666666666666666, -0.016666666666666666, -0.016666666666666666, -0.016666666666666666, -0.016666666666666666, -0.016666666666666666, -0.016666666666666666, -0.016666666666666666]

	@Fail rate: 0.03333333333333333

$
matthew.smith2@extendhealth.com [0.0, 0.0, 0.0, 0.0, 0.0, 0.0, 0.0, 0.0, 0.0, 0.0]

	@Fail rate: 0.0

$
neonstalwart@gmail.com [-0.012121212121212121, 0.1878787878787879, 0.1878787878787879, -0.012121212121212121, -0.012121212121212121, -0.012121212121212121, -0.012121212121212121, -0.012121212121212121, -0.012121212121212121, -0.012121212121212121, -0.012121212121212121, -0.012121212121212121, -0.012121212121212121, -0.012121212121212121, -0.012121212121212121, -0.012121212121212121, -0.012121212121212121, -0.012121212121212121, -0.012121212121212121, -0.012121212121212121, -0.012121212121212121, -0.012121212121212121, -0.012121212121212121, -0.012121212121212121, -0.012121212121212121, -0.012121212121212121, -0.012121212121212121, -0.012121212121212121, -0.012121212121212121, -0.012121212121212121, -0.012121212121212121, -0.012121212121212121, -0.012121212121212121]

	@Fail rate: 0.06060606060606061

$
barkmadley@gmail.com [0.3, 0.3, 0.0, 0.2, -0.2, -0.2, -0.2, -0.2, 0.0]

	@Fail rate: 0.3333333333333333

$
b-dur@b-dur.dk [0.0]

	@Fail rate: 0.0

$
pkskynet@tut.by [0.0]

	@Fail rate: 0.0

$
mono.xf@gmail.com [0.0]

	@Fail rate: 0.0

$
simon.bartlett@me.com [0.0]

	@Fail rate: 0.0

$
jdart@dyknow.com [0.0]

	@Fail rate: 0.0

$
glukki.spb.ru@gmail.com [0.0]

	@Fail rate: 0.0

$
mikekidder@gmail.com [0.0, 0.0]

	@Fail rate: 0.0

$
greenlaw110@gmail.com [0.09999999999999999, 0.09999999999999999, 0.09999999999999999, -0.10000000000000002, -0.10000000000000002, -0.10000000000000002]

	@Fail rate: 0.5

$
mw@mattwright.com [0.0, 0.0, 0.0, 0.0, 0.0, 0.0]

	@Fail rate: 0.0

$
aaron.blohowiak@gmail.com [0.0, 0.0, 0.0]

	@Fail rate: 0.0

$
roy.jacobs@gmail.com [0.0]

	@Fail rate: 0.0

$
Steve@Desktop.(none) [0.0, 0.0, 0.0, 0.0, 0.0, 0.0, 0.0, 0.0, 0.0]

	@Fail rate: 0.0
